 0.054515 0.0199141 0.0372648 2437.63 811.886 1671.46
 0.0365023  0.0405675 -0.0177082  2150.94  2230.51 -1252.63
0.00310449 -0.0752177 -0.0576728 228.503 -3544.9 -2301.4
-0.0197619  0.0144955 -0.0308563 -1524.59  1189.17 -1375.78
-0.0245229 -0.0113487 -0.0189529 -1123.55 -743.083  10.9184
-0.00279377   -0.110567   0.0120276  681.518 -5484.92  9.73315
-0.0114105 -0.0234895  0.0444014 -600.747 -1525.27  1123.83
0.0416126 0.0488655 0.0230054 3274.26 2642.09 1316.84
-0.0250293   0.114009  0.0314579 -1344.68  4760.32  708.251
-0.0463796  0.0491001 -0.0562078 -1192.68  2246.89 -3400.65
0.00370758 0.00564132  0.0772467 538.168 1236.14 2960.54
 0.070944 0.0568517 0.0223737 4086.78 1578.42 938.902
-0.0616094  0.0598434  0.0636347 -3085.97  1960.86  4345.11
-0.0144775 -0.0304186  0.0512557  170.013 -2906.05  2788.34
-0.0318607 -0.0866768 -0.0301839 -2490.4 -2376.5 -1798.9
-0.0138775 -0.0115826 -0.0573843 -1548.33 -1227.05 -751.137
 0.0604649  0.0123639 -0.0131314  938.174  1101.95 -1979.37
-0.0546838  0.0285072 -0.0673944 -2835.26  2163.92 -914.362
 0.0391514 -0.0346321  0.0737423  1115.52 -485.737  1597.71
 0.0675042   0.055244 -0.0246875 1931.59 1503.13 631.705
-0.0931212  0.0685643   0.049153 -2044.37  3452.57  3319.79
 0.0323619  0.0917258 -0.0542753  1895.55  1756.63 -2943.61
 -0.0416306   0.0185737 2.62872e-05 -176.877 -690.805 -1732.61
 0.117267 0.0331509 0.0209892  3711.88 -417.073 -17.7136
 -0.134083  0.0810169 -0.0514971 -4381.54  3020.13  -430.97
 0.0568769 -0.0971461 -0.0413688  2225.59 -1697.31 -1018.92
-0.0541517  0.0490031 -0.0699723  -2547.2 -1020.44 -4233.21
0.0608679 0.0416267 0.0273935  2166.44  145.198 -1497.17
-0.0505254 0.00975252  0.0510978 820.542 225.537 1287.32
  0.104727 0.00453172   0.144809  1866.15 -593.118  5875.42
   0.104125 -0.00254419   -0.114128  4275.34 -732.235 -2117.51
-0.0468719  0.0613917 -0.0511832  -593.75  3625.98 -5907.27
 0.00900839 -0.00683547    -0.03581  3009.72 -585.516  1056.82
 0.0717643 -0.0725607 -0.0205503  3777.8 356.475 -74.225
-0.0184805  0.0131093 -0.0850079  2825.06 -1461.24  -3198.3
 -0.0551945 0.000866202  -0.0499435  455.454   3167.9 -3862.57
0.0780615  0.115047 0.0776546   2169.6  4003.65 -213.275
0.0186041 0.0337957 0.0802672 -689.189 -199.985 -198.964
  0.107516 -0.0162464  0.0248702  1504.83 -3408.64 -296.211
 -0.0093264 -0.00429599  -0.0290916  1955.46 -4208.87   151.95
  0.119899  0.0229546 -0.0836144  2953.81  327.284 -210.031
0.0536263  0.135354 -0.164398 -482.816  3749.75 -5571.11
 -0.132195  0.0661893 -0.0218426 -1309.38  3166.68 -47.7218
-0.0610704 -0.0378059  -0.023359 1239.17 930.283 685.292
0.000941964   -0.143472  -0.0700774  766.737 -3653.68  676.487
0.0378283 0.0184276  0.115452 2817.87 17.7849 298.772
0.0578225 0.0220568 0.0288717 -1803.78 -2079.22 -842.853
-0.0266912  -0.108188  0.0545362  3129.85 -2806.29 -880.697
  0.0344865   -0.150019 -0.00809982 -1012.82 -1664.41  485.907
  0.148355  0.0873442 -0.0521856   1322.7  958.725 -1439.48
 0.0694889  -0.122151 0.00746638 -2149.76 -1804.93  1880.52
0.0680598 -0.139764 0.0493225 1615.12 371.976  3133.4
-0.037026 0.0287432  0.126729  1397.44 -2516.15 -1.93224
0.0740694 0.0894514 0.0604008 -1043.65  557.725 -2871.05
  0.174624  0.0825209 -0.0117419 -638.056  3476.02  46.0431
  0.149612   0.156548 0.00734946 -1950.87  2797.07  31.0319
-0.0462292  -0.122279   0.176407  1409.56 -3402.17 -905.745
-0.00483687    0.070045    0.191152  1156.62 -2931.57  642.577
-0.0313458 -0.0161675   0.192251  996.556  2913.23 -644.431
0.0229811 -0.109724  0.198691  1091.29 -188.573 -740.058
 0.163682 0.0648016  0.063055 -3359.99  1454.36  551.536
 0.167028 -0.164976 0.0519557 -177.229  371.237  1171.56
0.0327149 -0.262938 -0.011256   3250.7 -672.897  -18.232
-0.176241 -0.118236 0.0562344 1293.61 1881.48 2972.96
 0.0881255  -0.182902 -0.0889685 -1841.68  500.491  1486.81
  -0.252853   0.0986427 -0.00103753 -1810.74 -2595.95   85.888
  -0.201138    0.189043 -0.00480275 -2699.64 -1673.49  77.2107
   0.240936 0.000983395   0.0703377   180.98  3408.52 -2609.39
 -0.230349 -0.0566084  0.0828613  166.384  2956.98 -725.947
  0.168595   0.212909 -0.0797885 -1101.69  534.731 -1545.32
  0.257909   0.057553 -0.0927421  852.928 -350.438  2110.16
-0.184582 -0.133876  0.223331 -594.874 -684.812  1532.19
 0.203261 -0.182004 0.0131889 -1145.55 -51.8366  -602.33
-0.0200181 -0.0971248   0.259838  1560.84  -399.12 -1942.19
   -0.206654     0.249796 -0.000584892 -2694.62 -1346.12  105.947
   0.324847  -0.0373775 0.000818553 937.307 2899.82 13.8367
 0.175307 -0.138181  0.233844 -2149.23  1089.38  739.976
  0.362727   0.138644 -0.0161344 -651.403  2832.24 -19.6081
-0.256006 0.0856009  -0.36604 -945.729  1151.24 -2312.81
-0.402549 -0.084744 -0.158152  477.916 -595.326 -930.502
 0.29539 0.161634 0.318672 -583.577  1937.99  1245.84
0.00677406 0.00971665   0.434545  1154.24 -475.444 -1850.57
  0.392756 -0.0940677  -0.471959  3030.01 -798.313  416.597
-0.352782 -0.196855  0.430455  1067.94 -1877.73 -1040.04
-0.201544 -0.344893 -0.521993 -1861.44 -1250.89  641.279
   0.111394   -0.806374 -0.00677133 2190.84 199.229 3.86531
-0.366078  0.320108 -0.777127  407.789  606.214 -713.575
-0.895002 -0.134564  0.225537 -1003.79  92.3529  818.619
-0.480066 -0.654967  0.429964 -649.809  992.631 -941.497
-0.0303495   0.827084    0.47571  51.8856 -701.011  2299.42
-0.884768  -0.44302 -0.320969  84.1412 -1279.72 -239.119
 -0.17823   1.04303 0.0669413 -431.004  487.985  602.624
-0.613877 0.0269624 -0.895163 -250.737 -130.275  78.4005
-0.562776  -1.07982 -0.806635 -320.01 341.692 135.162
-0.702961   1.33982  -0.22358 -175.263 -1158.98 -124.109
 -0.12077 -0.653134   2.04632  199.184  1568.37 -1069.83
 1.59808  -1.4106 -1.16005  1409.55  510.662 -483.462
-0.111334   2.93473 -0.352961 -1344.23  132.993 -124.771
3.23091 3.14934  2.3962 -958.203  546.666  79.3192
-8.51014 -36.6625  17.8627 -177.768 -103.464  31.3572
