 0.078891 0.0280418 0.0539629 2437.26 812.914 1669.23
 0.0580127  0.0628668 -0.0302276  2151.33  2229.42 -1251.34
0.00538946   -0.11066 -0.0806791  228.587 -3543.92 -2300.07
-0.0350045  0.0263772 -0.0446115 -1524.11  1187.69  -1375.2
-0.0357496 -0.0187697 -0.0188491 -1122.74 -742.016  10.4225
0.0040235 -0.165408 0.0121237  682.329 -5483.49  9.42209
-0.0174173 -0.0387425  0.0556414 -600.294 -1525.08  1123.93
0.0743639 0.0752746 0.0361725 3275.08 2640.56 1316.22
-0.0384737   0.161603  0.0385387 -1344.27  4758.87  707.986
-0.0583056  0.0715644 -0.0902127 -1192.46  2245.79 -3400.19
0.00909238  0.0180042   0.106843 538.524 1236.16 2958.95
   0.1118 0.0726209 0.0317628 4084.77 1576.49 938.781
-0.0924646  0.0794469    0.10708 -3085.24  1960.19  4344.07
-0.0127706 -0.0594663  0.0791277  170.958 -2904.15  2786.63
-0.0567588  -0.110434 -0.0481702 -2489.31 -2375.22 -1798.38
-0.0293603 -0.0238451 -0.0648805 -1548.02 -1225.85 -748.837
0.0698391 0.0233886 -0.032918  937.076  1102.64 -1978.04
-0.0830257  0.0501509 -0.0765261 -2833.26  2164.17 -913.194
 0.0503026 -0.0394826  0.0897123  1114.83 -484.671  1596.53
 0.0868124  0.0702673 -0.0183618 1930.27  1501.7 633.051
-0.113556  0.103085 0.0823484 -2043.01  3451.67  3319.42
 0.0513163   0.109283 -0.0837052  1895.39   1755.2 -2942.49
-0.0433899  0.0116613 -0.0173053 -175.309 -691.711 -1733.44
 0.154374 0.0289791 0.0208113  3709.96 -417.075 -17.8339
 -0.177891   0.111214 -0.0558017 -4380.43  3019.44 -430.211
 0.0791295  -0.114113 -0.0515518  2224.94 -1696.31 -1017.92
-0.0796128   0.038789  -0.112286 -2545.44  -1021.3 -4230.39
0.0825245 0.0430719 0.0124174  2165.32  144.651 -1497.56
-0.0423109  0.0120078  0.0639652 822.095 225.361  1286.5
  0.123384 -0.0013991   0.203557  1865.44 -593.101  5874.35
   0.146875 -0.00986466   -0.135296  4274.72 -731.915  -2116.2
-0.0528057  0.0976311  -0.110258 -593.282  3623.16 -5906.85
  0.039093 -0.0126858  -0.025235  3008.26 -584.811  1057.89
  0.109536 -0.0689931  -0.021291  3776.66  357.099 -73.7933
 0.00976887 -0.00150354   -0.116975  2824.82  -1461.2 -3195.88
-0.0506267  0.0325505  -0.088563  456.792  3168.59 -3861.37
0.0997546  0.155073 0.0755155  2169.16  4002.05 -214.265
0.0117127 0.0317892 0.0782691 -688.999 -201.132 -199.953
  0.122555 -0.0503272  0.0219065  1503.32 -3407.81 -296.546
 0.0102255 -0.0463805  -0.027571  1955.15 -4207.88  152.319
  0.149431  0.0262265 -0.0857097  2952.79  327.191 -209.122
0.0487975  0.172849 -0.220105 -482.903  3749.24 -5570.38
 -0.145281  0.0978546 -0.0223213 -1308.32  3166.33 -47.9421
-0.0486674  -0.028495 -0.0165051 1241.52 931.967 685.261
 0.0086111  -0.180002 -0.0633073   767.11 -3652.42  677.399
 0.066004 0.0186048  0.118428 2817.19 17.6215 296.989
 0.0397768 0.00127147  0.0204463 -1804.57 -2078.39 -842.714
0.00461132  -0.136244  0.0457246  3130.56 -2805.25 -881.585
  0.0243585   -0.166654 -0.00323972 -1013.05 -1662.81  486.366
  0.161577  0.0969276 -0.0665759  1321.82  958.045 -1438.61
0.0479863 -0.140194  0.026271 -2150.63 -1803.98  1880.31
0.0842083 -0.136038 0.0806518 1614.56 373.033 3132.57
-0.0230471 0.00357988   0.126702  1398.38 -2516.26 -3.34884
0.0636294 0.0950216 0.0316859 -1043.62  555.814 -2871.64
  0.168236   0.117278 -0.0112812 -639.295  3475.32  46.1138
    0.1301   0.184513 0.00765947 -1951.4 2795.91 31.0049
-0.0321313  -0.156297   0.167346  1409.96 -3401.47 -906.319
0.00672996  0.0407262   0.197571   1156.6 -2932.21  641.347
-0.0213784  0.0129653   0.185801  997.065  2913.33 -645.611
0.0338928 -0.111607  0.191287  1091.06 -188.043  -740.79
 0.130075 0.0793427 0.0685667 -3361.33  1453.74  550.521
 0.165253 -0.161261 0.0636693 -177.861  371.855  1171.17
 0.065222 -0.269662 -0.011438  3250.63  -671.95 -18.1668
 -0.163301 -0.0994184  0.0859635 1294.31 1881.97 2972.79
0.0697065 -0.177892 -0.074097 -1842.16  501.432  1487.55
   -0.270957    0.0726823 -0.000178618    -1810 -2596.07   85.892
  -0.228132    0.172306 -0.00403048 -2699.13 -1673.84  77.2195
 0.242741  0.035069 0.0442421 180.017 3408.54 -2609.7
-0.228681 -0.027038 0.0756007  167.144  2957.09 -726.157
0.157576 0.218253 -0.09524 -1102.05   534.02 -1544.97
  0.266435  0.0540481 -0.0716383  852.143 -350.549  2110.57
-0.190529 -0.140723  0.238651 -594.489  -684.57  1531.81
  0.191802  -0.182519 0.00716642 -1146.32 -51.1827 -602.155
-0.00440896   -0.101115    0.240411  1561.01  -398.84 -1943.12
  -0.233599    0.236331 0.000474546 -2694.24 -1346.78  105.934
   0.334217 -0.00837853 0.000957142 936.602 2899.96 13.8622
 0.153812 -0.127286  0.241241 -2149.6 1089.69 739.459
  0.356211   0.166965 -0.0163304 -651.902  2831.99 -19.5787
-0.265462 0.0971131 -0.389167 -945.576  1151.19 -2312.57
 -0.397768 -0.0906969  -0.167456  478.203 -595.251 -930.376
0.289553 0.181014 0.331129 -583.786  1937.85   1245.6
 0.0183165 0.00496205   0.416038  1154.24 -475.475    -1851
 0.423056 -0.102051 -0.467792  3029.89 -798.283  416.744
-0.342102 -0.215632  0.420054  1068.07 -1877.66  -1040.2
-0.220158 -0.357401  -0.51558  -1861.4 -1250.81  641.404
   0.133302   -0.804381 -0.00673266 2190.82 199.346 3.86836
   -0.362   0.32617 -0.784262   407.82  606.177 -713.498
-0.905039 -0.133641  0.233723 -1003.71  92.3629  818.596
-0.486564  -0.64504  0.420549 -649.758  992.701 -941.541
-0.0298307   0.820074   0.498704  51.8879 -701.084  2299.38
-0.883927 -0.455817  -0.32336  84.2037 -1279.69 -239.096
 -0.18254   1.04791 0.0729675 -430.993  487.916  602.622
-0.616384 0.0256596 -0.894379 -250.696 -130.275  78.4587
-0.565977   -1.0764 -0.805283 -319.996  341.722  135.184
-0.704713   1.32823 -0.224821 -175.245 -1159.01 -124.103
-0.118778  -0.63745   2.03563  199.185  1568.37 -1069.84
 1.61218 -1.40549 -1.16488  1409.54   510.67 -483.455
-0.124776   2.93606 -0.354209 -1344.23  132.983  -124.77
3.22132 3.15481 2.39699 -958.205  546.664  79.3176
-8.51191 -36.6635   17.863 -177.768 -103.464  31.3571
